- 0  3.000000
 1  4.000000
 2  5.000000
 6  7.000000
 7  5.000000
- 0  4.000000
 1  8.000000
 3  7.000000
 4  5.000000
 6  6.000000
 7  4.000000
- 1  7.000000
 2  5.000000
 6  7.000000
 7  6.000000
- 0  6.000000
 1  54.000000
 2  43.000000
 3  4.000000
 4  34.000000
 5  5.000000
 6  4.000000
 7  56.000000
- 0  57.000000
 1  7.000000
 3  9.000000
 4  8.000000
 5  7.000000
 6  65.000000
 7  4.000000
- 0  7.000000
 1  8.000000
 2  9.000000
 3  7.000000
 4  5.000000
 5  4.000000
 6  3.000000
 7  5.000000
- 0  6.000000
 1  7.000000
 2  8.000000
 3  9.000000
 7  9.000000
- 0  8.000000
 1  7.000000
 2  6.000000
 3  5.000000
